15 1048576 15
-1 1 -3 -1 3 1 1 -1 -1 1 1 1 1 -1 -1
-1 1 -1 1 -3 1 -1 3 1 3 1 -3 1 1 -3
1048576 1038371 1007956 957922 889243 803256 701634 586356 459665 324028 182083 36595 -109606 -253673 -392803 -524288 -645568 -754282 -848316 -925838 -985339 -1025662 -1046022 -1046022 -1025662 -985339 -925838 -848316 -754282 -645568 -524288 -392803 -253673 -109606 36595 182083 324028 459665 586356 701634 803256 889243 957922 1007956 1038371
1048576 1007956 889243 701634 459665 182083 -109606 -392803 -645568 -848316 -985339 -1046022 -1025662 -925838 -754282 -524288 -253673 36595 324028 586356 803256 957922 1038371 1038371 957922 803256 586356 324028 36595 -253673 -524288 -754282 -925838 -1025662 -1046022 -985339 -848316 -645568 -392803 -109606 182083 459665 701634 889243 1007956
1048576 889243 459665 -109606 -645568 -985339 -1025662 -754282 -253673 324028 803256 1038371 957922 586356 36595 -524288 -925838 -1046022 -848316 -392803 182083 701634 1007956 1007956 701634 182083 -392803 -848316 -1046022 -925838 -524288 36595 586356 957922 1038371 803256 324028 -253673 -754282 -1025662 -985339 -645568 -109606 459665 889243
1048576 803256 182083 -524288 -985339 -985339 -524288 182083 803256 1048576 803256 182083 -524288 -985339 -985339 -524288 182083 803256 1048576 803256 182083 -524288 -985339 -985339 -524288 182083 803256 1048576 803256 182083 -524288 -985339 -985339 -524288 182083 803256 1048576 803256 182083 -524288 -985339 -985339 -524288 182083 803256
1048576 586356 -392803 -1025662 -754282 182083 957922 889243 36595 -848316 -985339 -253673 701634 1038371 459665 -524288 -1046022 -645568 324028 1007956 803256 -109606 -925838 -925838 -109606 803256 1007956 324028 -645568 -1046022 -524288 459665 1038371 701634 -253673 -985339 -848316 36595 889243 957922 182083 -754282 -1025662 -392803 586356
1048576 459665 -645568 -1025662 -253673 803256 957922 36595 -925838 -848316 182083 1007956 701634 -392803 -1046022 -524288 586356 1038371 324028 -754282 -985339 -109606 889243 889243 -109606 -985339 -754282 324028 1038371 586356 -524288 -1046022 -392803 701634 1007956 182083 -848316 -925838 36595 957922 803256 -253673 -1025662 -645568 459665
1048576 182083 -985339 -524288 803256 803256 -524288 -985339 182083 1048576 182083 -985339 -524288 803256 803256 -524288 -985339 182083 1048576 182083 -985339 -524288 803256 803256 -524288 -985339 182083 1048576 182083 -985339 -524288 803256 803256 -524288 -985339 182083 1048576 182083 -985339 -524288 803256 803256 -524288 -985339 182083
1048576 36595 -1046022 -109606 1038371 182083 -1025662 -253673 1007956 324028 -985339 -392803 957922 459665 -925838 -524288 889243 586356 -848316 -645568 803256 701634 -754282 -754282 701634 803256 -645568 -848316 586356 889243 -524288 -925838 459665 957922 -392803 -985339 324028 1007956 -253673 -1025662 182083 1038371 -109606 -1046022 36595
1048576 -253673 -925838 701634 586356 -985339 -109606 1038371 -392803 -848316 803256 459665 -1025662 36595 1007956 -524288 -754282 889243 324028 -1046022 182083 957922 -645568 -645568 957922 182083 -1046022 324028 889243 -754282 -524288 1007956 36595 -1025662 459665 803256 -848316 -392803 1038371 -109606 -985339 586356 701634 -925838 -253673
1048576 -392803 -754282 957922 36595 -985339 701634 459665 -1046022 324028 803256 -925838 -109606 1007956 -645568 -524288 1038371 -253673 -848316 889243 182083 -1025662 586356 586356 -1025662 182083 889243 -848316 -253673 1038371 -524288 -645568 1007956 -109606 -925838 803256 324028 -1046022 459665 701634 -985339 36595 957922 -754282 -392803
1048576 -645568 -253673 957922 -925838 182083 701634 -1046022 586356 324028 -985339 889243 -109606 -754282 1038371 -524288 -392803 1007956 -848316 36595 803256 -1025662 459665 459665 -1025662 803256 36595 -848316 1007956 -392803 -524288 1038371 -754282 -109606 889243 -985339 324028 586356 -1046022 701634 182083 -925838 957922 -253673 -645568
1048576 -754282 36595 701634 -1046022 803256 -109606 -645568 1038371 -848316 182083 586356 -1025662 889243 -253673 -524288 1007956 -925838 324028 459665 -985339 957922 -392803 -392803 957922 -985339 459665 324028 -925838 1007956 -524288 -253673 889243 -1025662 586356 182083 -848316 1038371 -645568 -109606 803256 -1046022 701634 36595 -754282
1048576 -925838 586356 -109606 -392803 803256 -1025662 1007956 -754282 324028 182083 -645568 957922 -1046022 889243 -524288 36595 459665 -848316 1038371 -985339 701634 -253673 -253673 701634 -985339 1038371 -848316 459665 36595 -524288 889243 -1046022 957922 -645568 182083 324028 -754282 1007956 -1025662 803256 -392803 -109606 586356 -925838
1048576 -985339 803256 -524288 182083 182083 -524288 803256 -985339 1048576 -985339 803256 -524288 182083 182083 -524288 803256 -985339 1048576 -985339 803256 -524288 182083 182083 -524288 803256 -985339 1048576 -985339 803256 -524288 182083 182083 -524288 803256 -985339 1048576 -985339 803256 -524288 182083 182083 -524288 803256 -985339
1048576 -1046022 1038371 -1025662 1007956 -985339 957922 -925838 889243 -848316 803256 -754282 701634 -645568 586356 -524288 459665 -392803 324028 -253673 182083 -109606 36595 36595 -109606 182083 -253673 324028 -392803 459665 -524288 586356 -645568 701634 -754282 803256 -848316 889243 -925838 957922 -985339 1007956 -1025662 1038371 -1046022
0 145934 289027 426494 555661 674012 779244 869309 942454 997255 1032646 1047937 1042832 1017429 972223 908093 826289 728402 616338 492277 358634 218011 73145 -73145 -218011 -358634 -492277 -616338 -728402 -826289 -908093 -972223 -1017429 -1042832 -1047937 -1032646 -997255 -942454 -869309 -779244 -674012 -555661 -426494 -289027 -145934
0 289027 555661 779244 942454 1032646 1042832 972223 826289 616338 358634 73145 -218011 -492277 -728402 -908093 -1017429 -1047937 -997255 -869309 -674012 -426494 -145934 145934 426494 674012 869309 997255 1047937 1017429 908093 728402 492277 218011 -73145 -358634 -616338 -826289 -972223 -1042832 -1032646 -942454 -779244 -555661 -289027
0 555661 942454 1042832 826289 358634 -218011 -728402 -1017429 -997255 -674012 -145934 426494 869309 1047937 908093 492277 -73145 -616338 -972223 -1032646 -779244 -289027 289027 779244 1032646 972223 616338 73145 -492277 -908093 -1047937 -869309 -426494 145934 674012 997255 1017429 728402 218011 -358634 -826289 -1042832 -942454 -555661
0 674012 1032646 908093 358634 -358634 -908093 -1032646 -674012 0 674012 1032646 908093 358634 -358634 -908093 -1032646 -674012 0 674012 1032646 908093 358634 -358634 -908093 -1032646 -674012 0 674012 1032646 908093 358634 -358634 -908093 -1032646 -674012 0 674012 1032646 908093 358634 -358634 -908093 -1032646 -674012
0 869309 972223 218011 -728402 -1032646 -426494 555661 1047937 616338 -358634 -1017429 -779244 145934 942454 908093 73145 -826289 -997255 -289027 674012 1042832 492277 -492277 -1042832 -674012 289027 997255 826289 -73145 -908093 -942454 -145934 779244 1017429 358634 -616338 -1047937 -555661 426494 1032646 728402 -218011 -972223 -869309
0 942454 826289 -218011 -1017429 -674012 426494 1047937 492277 -616338 -1032646 -289027 779244 972223 73145 -908093 -869309 145934 997255 728402 -358634 -1042832 -555661 555661 1042832 358634 -728402 -997255 -145934 869309 908093 -73145 -972223 -779244 289027 1032646 616338 -492277 -1047937 -426494 674012 1017429 218011 -826289 -942454
0 1032646 358634 -908093 -674012 674012 908093 -358634 -1032646 0 1032646 358634 -908093 -674012 674012 908093 -358634 -1032646 0 1032646 358634 -908093 -674012 674012 908093 -358634 -1032646 0 1032646 358634 -908093 -674012 674012 908093 -358634 -1032646 0 1032646 358634 -908093 -674012 674012 908093 -358634 -1032646
0 1047937 73145 -1042832 -145934 1032646 218011 -1017429 -289027 997255 358634 -972223 -426494 942454 492277 -908093 -555661 869309 616338 -826289 -674012 779244 728402 -728402 -779244 674012 826289 -616338 -869309 555661 908093 -492277 -942454 426494 972223 -358634 -997255 289027 1017429 -218011 -1032646 145934 1042832 -73145 -1047937
0 1017429 -492277 -779244 869309 358634 -1042832 145934 972223 -616338 -674012 942454 218011 -1047937 289027 908093 -728402 -555661 997255 73145 -1032646 426494 826289 -826289 -426494 1032646 -73145 -997255 555661 728402 -908093 -289027 1047937 -218011 -942454 674012 616338 -972223 -145934 1042832 -358634 -869309 779244 492277 -1017429
0 972223 -728402 -426494 1047937 -358634 -779244 942454 73145 -997255 674012 492277 -1042832 289027 826289 -908093 -145934 1017429 -616338 -555661 1032646 -218011 -869309 869309 218011 -1032646 555661 616338 -1017429 145934 908093 -826289 -289027 1042832 -492277 -674012 997255 -73145 -942454 779244 358634 -1047937 426494 728402 -972223
0 826289 -1017429 426494 492277 -1032646 779244 73145 -869309 997255 -358634 -555661 1042832 -728402 -145934 908093 -972223 289027 616338 -1047937 674012 218011 -942454 942454 -218011 -674012 1047937 -616338 -289027 972223 -908093 145934 728402 -1042832 555661 358634 -997255 869309 -73145 -779244 1032646 -492277 -426494 1017429 -826289
0 728402 -1047937 779244 -73145 -674012 1042832 -826289 145934 616338 -1032646 869309 -218011 -555661 1017429 -908093 289027 492277 -997255 942454 -358634 -426494 972223 -972223 426494 358634 -942454 997255 -492277 -289027 908093 -1017429 555661 218011 -869309 1032646 -616338 -145934 826289 -1042832 674012 73145 -779244 1047937 -728402
0 492277 -869309 1042832 -972223 674012 -218011 -289027 728402 -997255 1032646 -826289 426494 73145 -555661 908093 -1047937 942454 -616338 145934 358634 -779244 1017429 -1017429 779244 -358634 -145934 616338 -942454 1047937 -908093 555661 -73145 -426494 826289 -1032646 997255 -728402 289027 218011 -674012 972223 -1042832 869309 -492277
0 358634 -674012 908093 -1032646 1032646 -908093 674012 -358634 0 358634 -674012 908093 -1032646 1032646 -908093 674012 -358634 0 358634 -674012 908093 -1032646 1032646 -908093 674012 -358634 0 358634 -674012 908093 -1032646 1032646 -908093 674012 -358634 0 358634 -674012 908093 -1032646 1032646 -908093 674012 -358634
0 73145 -145934 218011 -289027 358634 -426494 492277 -555661 616338 -674012 728402 -779244 826289 -869309 908093 -942454 972223 -997255 1017429 -1032646 1042832 -1047937 1047937 -1042832 1032646 -1017429 997255 -972223 942454 -908093 869309 -826289 779244 -728402 674012 -616338 555661 -492277 426494 -358634 289027 -218011 145934 -73145
0 0 120 100000000 5000000 100000
