21 1048576 21
-1 3 1 -1 -1 3 1 1 1 1 -1 3 -3 -3 1 -1 1 -1 1 -3 -1
-1 -1 1 3 -1 3 1 1 -1 -3 1 -1 -1 3 1 -1 -1 -1 -1 1 -1
1048576 1043365 1027785 1001991 966238 920882 866374 803256 732154 653776 568901 478372 383088 283997 182083 78360 -26142 -130384 -233330 -333957 -431266 -524288 -612100 -693828 -768661 -835854 -894740 -944734 -985339 -1016151 -1036864 -1047273 -1047273 -1036864 -1016151 -985339 -944734 -894740 -835854 -768661 -693828 -612100 -524288 -431266 -333957 -233330 -130384 -26142 78360 182083 283997 383088 478372 568901 653776 732154 803256 866374 920882 966238 1001991 1027785 1043365
1048576 1027785 966238 866374 732154 568901 383088 182083 -26142 -233330 -431266 -612100 -768661 -894740 -985339 -1036864 -1047273 -1016151 -944734 -835854 -693828 -524288 -333957 -130384 78360 283997 478372 653776 803256 920882 1001991 1043365 1043365 1001991 920882 803256 653776 478372 283997 78360 -130384 -333957 -524288 -693828 -835854 -944734 -1016151 -1047273 -1036864 -985339 -894740 -768661 -612100 -431266 -233330 -26142 182083 383088 568901 732154 866374 966238 1027785
1048576 966238 732154 383088 -26142 -431266 -768661 -985339 -1047273 -944734 -693828 -333957 78360 478372 803256 1001991 1043365 920882 653776 283997 -130384 -524288 -835854 -1016151 -1036864 -894740 -612100 -233330 182083 568901 866374 1027785 1027785 866374 568901 182083 -233330 -612100 -894740 -1036864 -1016151 -835854 -524288 -130384 283997 653776 920882 1043365 1001991 803256 478372 78360 -333957 -693828 -944734 -1047273 -985339 -768661 -431266 -26142 383088 732154 966238
1048576 920882 568901 78360 -431266 -835854 -1036864 -985339 -693828 -233330 283997 732154 1001991 1027785 803256 383088 -130384 -612100 -944734 -1047273 -894740 -524288 -26142 478372 866374 1043365 966238 653776 182083 -333957 -768661 -1016151 -1016151 -768661 -333957 182083 653776 966238 1043365 866374 478372 -26142 -524288 -894740 -1047273 -944734 -612100 -130384 383088 803256 1027785 1001991 732154 283997 -233330 -693828 -985339 -1036864 -835854 -431266 78360 568901 920882
1048576 803256 182083 -524288 -985339 -985339 -524288 182083 803256 1048576 803256 182083 -524288 -985339 -985339 -524288 182083 803256 1048576 803256 182083 -524288 -985339 -985339 -524288 182083 803256 1048576 803256 182083 -524288 -985339 -985339 -524288 182083 803256 1048576 803256 182083 -524288 -985339 -985339 -524288 182083 803256 1048576 803256 182083 -524288 -985339 -985339 -524288 182083 803256 1048576 803256 182083 -524288 -985339 -985339 -524288 182083 803256
1048576 732154 -26142 -768661 -1047273 -693828 78360 803256 1043365 653776 -130384 -835854 -1036864 -612100 182083 866374 1027785 568901 -233330 -894740 -1016151 -524288 283997 920882 1001991 478372 -333957 -944734 -985339 -431266 383088 966238 966238 383088 -431266 -985339 -944734 -333957 478372 1001991 920882 283997 -524288 -1016151 -894740 -233330 568901 1027785 866374 182083 -612100 -1036864 -835854 -130384 653776 1043365 803256 78360 -693828 -1047273 -768661 -26142 732154
1048576 568901 -431266 -1036864 -693828 283997 1001991 803256 -130384 -944734 -894740 -26142 866374 966238 182083 -768661 -1016151 -333957 653776 1043365 478372 -524288 -1047273 -612100 383088 1027785 732154 -233330 -985339 -835854 78360 920882 920882 78360 -835854 -985339 -233330 732154 1027785 383088 -612100 -1047273 -524288 478372 1043365 653776 -333957 -1016151 -768661 182083 966238 866374 -26142 -894740 -944734 -130384 803256 1001991 283997 -693828 -1036864 -431266 568901
1048576 478372 -612100 -1036864 -333957 732154 1001991 182083 -835854 -944734 -26142 920882 866374 -130384 -985339 -768661 283997 1027785 653776 -431266 -1047273 -524288 568901 1043365 383088 -693828 -1016151 -233330 803256 966238 78360 -894740 -894740 78360 966238 803256 -233330 -1016151 -693828 383088 1043365 568901 -524288 -1047273 -431266 653776 1027785 283997 -768661 -985339 -130384 866374 920882 -26142 -944734 -835854 182083 1001991 732154 -333957 -1036864 -612100 478372
1048576 283997 -894740 -768661 478372 1027785 78360 -985339 -612100 653776 966238 -130384 -1036864 -431266 803256 866374 -333957 -1047273 -233330 920882 732154 -524288 -1016151 -26142 1001991 568901 -693828 -944734 182083 1043365 383088 -835854 -835854 383088 1043365 182083 -944734 -693828 568901 1001991 -26142 -1016151 -524288 732154 920882 -233330 -1047273 -333957 866374 803256 -431266 -1036864 -130384 966238 653776 -612100 -985339 78360 1027785 478372 -768661 -894740 283997
1048576 182083 -985339 -524288 803256 803256 -524288 -985339 182083 1048576 182083 -985339 -524288 803256 803256 -524288 -985339 182083 1048576 182083 -985339 -524288 803256 803256 -524288 -985339 182083 1048576 182083 -985339 -524288 803256 803256 -524288 -985339 182083 1048576 182083 -985339 -524288 803256 803256 -524288 -985339 182083 1048576 182083 -985339 -524288 803256 803256 -524288 -985339 182083 1048576 182083 -985339 -524288 803256 803256 -524288 -985339 182083
1048576 -26142 -1047273 78360 1043365 -130384 -1036864 182083 1027785 -233330 -1016151 283997 1001991 -333957 -985339 383088 966238 -431266 -944734 478372 920882 -524288 -894740 568901 866374 -612100 -835854 653776 803256 -693828 -768661 732154 732154 -768661 -693828 803256 653776 -835854 -612100 866374 568901 -894740 -524288 920882 478372 -944734 -431266 966238 383088 -985339 -333957 1001991 283997 -1016151 -233330 1027785 182083 -1036864 -130384 1043365 78360 -1047273 -26142
1048576 -130384 -1016151 383088 920882 -612100 -768661 803256 568901 -944734 -333957 1027785 78360 -1047273 182083 1001991 -431266 -894740 653776 732154 -835854 -524288 966238 283997 -1036864 -26142 1043365 -233330 -985339 478372 866374 -693828 -693828 866374 478372 -985339 -233330 1043365 -26142 -1036864 283997 966238 -524288 -835854 732154 653776 -894740 -431266 1001991 182083 -1047273 78360 1027785 -333957 -944734 568901 803256 -768661 -612100 920882 383088 -1016151 -130384
1048576 -333957 -835854 866374 283997 -1047273 383088 803256 -894740 -233330 1043365 -431266 -768661 920882 182083 -1036864 478372 732154 -944734 -130384 1027785 -524288 -693828 966238 78360 -1016151 568901 653776 -985339 -26142 1001991 -612100 -612100 1001991 -26142 -985339 653776 568901 -1016151 78360 966238 -693828 -524288 1027785 -130384 -944734 732154 478372 -1036864 182083 920882 -768661 -431266 1043365 -233330 -894740 803256 383088 -1047273 283997 866374 -835854 -333957
1048576 -431266 -693828 1001991 -130384 -894740 866374 182083 -1016151 653776 478372 -1047273 383088 732154 -985339 78360 920882 -835854 -233330 1027785 -612100 -524288 1043365 -333957 -768661 966238 -26142 -944734 803256 283997 -1036864 568901 568901 -1036864 283997 803256 -944734 -26142 966238 -768661 -333957 1043365 -524288 -612100 1027785 -233330 -835854 920882 78360 -985339 732154 383088 -1047273 478372 653776 -1016151 182083 866374 -894740 -130384 1001991 -693828 -431266
1048576 -612100 -333957 1001991 -835854 -26142 866374 -985339 283997 653776 -1047273 568901 383088 -1016151 803256 78360 -894740 966238 -233330 -693828 1043365 -524288 -431266 1027785 -768661 -130384 920882 -944734 182083 732154 -1036864 478372 478372 -1036864 732154 182083 -944734 920882 -130384 -768661 1027785 -431266 -524288 1043365 -693828 -233330 966238 -894740 78360 803256 -1016151 383088 568901 -1047273 653776 283997 -985339 866374 -26142 -835854 1001991 -333957 -612100
1048576 -693828 -130384 866374 -1016151 478372 383088 -985339 920882 -233330 -612100 1043365 -768661 -26142 803256 -1036864 568901 283997 -944734 966238 -333957 -524288 1027785 -835854 78360 732154 -1047273 653776 182083 -894740 1001991 -431266 -431266 1001991 -894740 182083 653776 -1047273 732154 78360 -835854 1027785 -524288 -333957 966238 -944734 283997 568901 -1036864 803256 -26142 -768661 1043365 -612100 -233330 920882 -985339 383088 478372 -1016151 866374 -130384 -693828
1048576 -835854 283997 383088 -894740 1043365 -768661 182083 478372 -944734 1027785 -693828 78360 568901 -985339 1001991 -612100 -26142 653776 -1016151 966238 -524288 -130384 732154 -1036864 920882 -431266 -233330 803256 -1047273 866374 -333957 -333957 866374 -1047273 803256 -233330 -431266 920882 -1036864 732154 -130384 -524288 966238 -1016151 653776 -26142 -612100 1001991 -985339 568901 78360 -693828 1027785 -944734 478372 182083 -768661 1043365 -894740 383088 283997 -835854
1048576 -894740 478372 78360 -612100 966238 -1036864 803256 -333957 -233330 732154 -1016151 1001991 -693828 182083 383088 -835854 1043365 -944734 568901 -26142 -524288 920882 -1047273 866374 -431266 -130384 653776 -985339 1027785 -768661 283997 283997 -768661 1027785 -985339 653776 -130384 -431266 866374 -1047273 920882 -524288 -26142 568901 -944734 1043365 -835854 383088 182083 -693828 1001991 -1016151 732154 -233330 -333957 803256 -1036864 966238 -612100 78360 478372 -894740
1048576 -985339 803256 -524288 182083 182083 -524288 803256 -985339 1048576 -985339 803256 -524288 182083 182083 -524288 803256 -985339 1048576 -985339 803256 -524288 182083 182083 -524288 803256 -985339 1048576 -985339 803256 -524288 182083 182083 -524288 803256 -985339 1048576 -985339 803256 -524288 182083 182083 -524288 803256 -985339 1048576 -985339 803256 -524288 182083 182083 -524288 803256 -985339 1048576 -985339 803256 -524288 182083 182083 -524288 803256 -985339
1048576 -1016151 920882 -768661 568901 -333957 78360 182083 -431266 653776 -835854 966238 -1036864 1043365 -985339 866374 -693828 478372 -233330 -26142 283997 -524288 732154 -894740 1001991 -1047273 1027785 -944734 803256 -612100 383088 -130384 -130384 383088 -612100 803256 -944734 1027785 -1047273 1001991 -894740 732154 -524288 283997 -26142 -233330 478372 -693828 866374 -985339 1043365 -1036864 966238 -835854 653776 -431266 182083 78360 -333957 568901 -768661 920882 -1016151
1048576 -1047273 1043365 -1036864 1027785 -1016151 1001991 -985339 966238 -944734 920882 -894740 866374 -835854 803256 -768661 732154 -693828 653776 -612100 568901 -524288 478372 -431266 383088 -333957 283997 -233330 182083 -130384 78360 -26142 -26142 78360 -130384 182083 -233330 283997 -333957 383088 -431266 478372 -524288 568901 -612100 653776 -693828 732154 -768661 803256 -835854 866374 -894740 920882 -944734 966238 -985339 1001991 -1016151 1027785 -1036864 1043365 -1047273
0 104404 207771 309073 407303 501486 590684 674012 750641 819810 880831 933098 976092 1009385 1032646 1045644 1048250 1040438 1022286 993974 955783 908093 851379 786203 713213 633135 546764 454960 358634 258744 156282 52267 -52267 -156282 -258744 -358634 -454960 -546764 -633135 -713213 -786203 -851379 -908093 -955783 -993974 -1022286 -1040438 -1048250 -1045644 -1032646 -1009385 -976092 -933098 -880831 -819810 -750641 -674012 -590684 -501486 -407303 -309073 -207771 -104404
0 207771 407303 590684 750641 880831 976092 1032646 1048250 1022286 955783 851379 713213 546764 358634 156282 -52267 -258744 -454960 -633135 -786203 -908093 -993974 -1040438 -1045644 -1009385 -933098 -819810 -674012 -501486 -309073 -104404 104404 309073 501486 674012 819810 933098 1009385 1045644 1040438 993974 908093 786203 633135 454960 258744 52267 -156282 -358634 -546764 -713213 -851379 -955783 -1022286 -1048250 -1032646 -976092 -880831 -750641 -590684 -407303 -207771
0 407303 750641 976092 1048250 955783 713213 358634 -52267 -454960 -786203 -993974 -1045644 -933098 -674012 -309073 104404 501486 819810 1009385 1040438 908093 633135 258744 -156282 -546764 -851379 -1022286 -1032646 -880831 -590684 -207771 207771 590684 880831 1032646 1022286 851379 546764 156282 -258744 -633135 -908093 -1040438 -1009385 -819810 -501486 -104404 309073 674012 933098 1045644 993974 786203 454960 52267 -358634 -713213 -955783 -1048250 -976092 -750641 -407303
0 501486 880831 1045644 955783 633135 156282 -358634 -786203 -1022286 -1009385 -750641 -309073 207771 674012 976092 1040438 851379 454960 -52267 -546764 -908093 -1048250 -933098 -590684 -104404 407303 819810 1032646 993974 713213 258744 -258744 -713213 -993974 -1032646 -819810 -407303 104404 590684 933098 1048250 908093 546764 52267 -454960 -851379 -1040438 -976092 -674012 -207771 309073 750641 1009385 1022286 786203 358634 -156282 -633135 -955783 -1045644 -880831 -501486
0 674012 1032646 908093 358634 -358634 -908093 -1032646 -674012 0 674012 1032646 908093 358634 -358634 -908093 -1032646 -674012 0 674012 1032646 908093 358634 -358634 -908093 -1032646 -674012 0 674012 1032646 908093 358634 -358634 -908093 -1032646 -674012 0 674012 1032646 908093 358634 -358634 -908093 -1032646 -674012 0 674012 1032646 908093 358634 -358634 -908093 -1032646 -674012 0 674012 1032646 908093 358634 -358634 -908093 -1032646 -674012
0 750641 1048250 713213 -52267 -786203 -1045644 -674012 104404 819810 1040438 633135 -156282 -851379 -1032646 -590684 207771 880831 1022286 546764 -258744 -908093 -1009385 -501486 309073 933098 993974 454960 -358634 -955783 -976092 -407303 407303 976092 955783 358634 -454960 -993974 -933098 -309073 501486 1009385 908093 258744 -546764 -1022286 -880831 -207771 590684 1032646 851379 156282 -633135 -1040438 -819810 -104404 674012 1045644 786203 52267 -713213 -1048250 -750641
0 880831 955783 156282 -786203 -1009385 -309073 674012 1040438 454960 -546764 -1048250 -590684 407303 1032646 713213 -258744 -993974 -819810 104404 933098 908093 52267 -851379 -976092 -207771 750641 1022286 358634 -633135 -1045644 -501486 501486 1045644 633135 -358634 -1022286 -750641 207771 976092 851379 -52267 -908093 -933098 -104404 819810 993974 258744 -713213 -1032646 -407303 590684 1048250 546764 -454960 -1040438 -674012 309073 1009385 786203 -156282 -955783 -880831
0 933098 851379 -156282 -993974 -750641 309073 1032646 633135 -454960 -1048250 -501486 590684 1040438 358634 -713213 -1009385 -207771 819810 955783 52267 -908093 -880831 104404 976092 786203 -258744 -1022286 -674012 407303 1045644 546764 -546764 -1045644 -407303 674012 1022286 258744 -786203 -976092 -104404 880831 908093 -52267 -955783 -819810 207771 1009385 713213 -358634 -1040438 -590684 501486 1048250 454960 -633135 -1032646 -309073 750641 993974 156282 -851379 -933098
0 1009385 546764 -713213 -933098 207771 1045644 358634 -851379 -819810 407303 1040438 156282 -955783 -674012 590684 993974 -52267 -1022286 -501486 750641 908093 -258744 -1048250 -309073 880831 786203 -454960 -1032646 -104404 976092 633135 -633135 -976092 104404 1032646 454960 -786203 -880831 309073 1048250 258744 -908093 -750641 501486 1022286 52267 -993974 -590684 674012 955783 -156282 -1040438 -407303 819810 851379 -358634 -1045644 -207771 933098 713213 -546764 -1009385
0 1032646 358634 -908093 -674012 674012 908093 -358634 -1032646 0 1032646 358634 -908093 -674012 674012 908093 -358634 -1032646 0 1032646 358634 -908093 -674012 674012 908093 -358634 -1032646 0 1032646 358634 -908093 -674012 674012 908093 -358634 -1032646 0 1032646 358634 -908093 -674012 674012 908093 -358634 -1032646 0 1032646 358634 -908093 -674012 674012 908093 -358634 -1032646 0 1032646 358634 -908093 -674012 674012 908093 -358634 -1032646
0 1048250 -52267 -1045644 104404 1040438 -156282 -1032646 207771 1022286 -258744 -1009385 309073 993974 -358634 -976092 407303 955783 -454960 -933098 501486 908093 -546764 -880831 590684 851379 -633135 -819810 674012 786203 -713213 -750641 750641 713213 -786203 -674012 819810 633135 -851379 -590684 880831 546764 -908093 -501486 933098 454960 -955783 -407303 976092 358634 -993974 -309073 1009385 258744 -1022286 -207771 1032646 156282 -1040438 -104404 1045644 52267 -1048250
0 1040438 -258744 -976092 501486 851379 -713213 -674012 880831 454960 -993974 -207771 1045644 -52267 -1032646 309073 955783 -546764 -819810 750641 633135 -908093 -407303 1009385 156282 -1048250 104404 1022286 -358634 -933098 590684 786203 -786203 -590684 933098 358634 -1022286 -104404 1048250 -156282 -1009385 407303 908093 -633135 -750641 819810 546764 -955783 -309073 1032646 52267 -1045644 207771 993974 -454960 -880831 674012 713213 -851379 -501486 976092 258744 -1040438
0 993974 -633135 -590684 1009385 -52267 -976092 674012 546764 -1022286 104404 955783 -713213 -501486 1032646 -156282 -933098 750641 454960 -1040438 207771 908093 -786203 -407303 1045644 -258744 -880831 819810 358634 -1048250 309073 851379 -851379 -309073 1048250 -358634 -819810 880831 258744 -1045644 407303 786203 -908093 -207771 1040438 -454960 -750641 933098 156282 -1032646 501486 713213 -955783 -104404 1022286 -546764 -674012 976092 52267 -1009385 590684 633135 -993974
0 955783 -786203 -309073 1040438 -546764 -590684 1032646 -258744 -819810 933098 52267 -976092 750641 358634 -1045644 501486 633135 -1022286 207771 851379 -908093 -104404 993974 -713213 -407303 1048250 -454960 -674012 1009385 -156282 -880831 880831 156282 -1009385 674012 454960 -1048250 407303 713213 -993974 104404 908093 -851379 -207771 1022286 -633135 -501486 1045644 -358634 -750641 976092 -52267 -933098 819810 258744 -1032646 590684 546764 -1040438 309073 786203 -955783
0 851379 -993974 309073 633135 -1048250 590684 358634 -1009385 819810 52267 -880831 976092 -258744 -674012 1045644 -546764 -407303 1022286 -786203 -104404 908093 -955783 207771 713213 -1040438 501486 454960 -1032646 750641 156282 -933098 933098 -156282 -750641 1032646 -454960 -501486 1040438 -713213 -207771 955783 -908093 104404 786203 -1022286 407303 546764 -1045644 674012 258744 -976092 880831 -52267 -819810 1009385 -358634 -590684 1048250 -633135 -309073 993974 -851379
0 786203 -1040438 590684 258744 -933098 976092 -358634 -501486 1022286 -851379 104404 713213 -1048250 674012 156282 -880831 1009385 -454960 -407303 993974 -908093 207771 633135 -1045644 750641 52267 -819810 1032646 -546764 -309073 955783 -955783 309073 546764 -1032646 819810 -52267 -750641 1045644 -633135 -207771 908093 -993974 407303 454960 -1009385 880831 -156282 -674012 1048250 -713213 -104404 851379 -1022286 501486 358634 -976092 933098 -258744 -590684 1040438 -786203
0 633135 -1009385 976092 -546764 -104404 713213 -1032646 933098 -454960 -207771 786203 -1045644 880831 -358634 -309073 851379 -1048250 819810 -258744 -407303 908093 -1040438 750641 -156282 -501486 955783 -1022286 674012 -52267 -590684 993974 -993974 590684 52267 -674012 1022286 -955783 501486 156282 -750641 1040438 -908093 407303 258744 -819810 1048250 -851379 309073 358634 -880831 1045644 -786203 207771 454960 -933098 1032646 -713213 104404 546764 -976092 1009385 -633135
0 546764 -933098 1045644 -851379 407303 156282 -674012 993974 -1022286 750641 -258744 -309073 786203 -1032646 976092 -633135 104404 454960 -880831 1048250 -908093 501486 52267 -590684 955783 -1040438 819810 -358634 -207771 713213 -1009385 1009385 -713213 207771 358634 -819810 1040438 -955783 590684 -52267 -501486 908093 -1048250 880831 -454960 -104404 633135 -976092 1032646 -786203 309073 258744 -750641 1022286 -993974 674012 -156282 -407303 851379 -1045644 933098 -546764
0 358634 -674012 908093 -1032646 1032646 -908093 674012 -358634 0 358634 -674012 908093 -1032646 1032646 -908093 674012 -358634 0 358634 -674012 908093 -1032646 1032646 -908093 674012 -358634 0 358634 -674012 908093 -1032646 1032646 -908093 674012 -358634 0 358634 -674012 908093 -1032646 1032646 -908093 674012 -358634 0 358634 -674012 908093 -1032646 1032646 -908093 674012 -358634 0 358634 -674012 908093 -1032646 1032646 -908093 674012 -358634
0 258744 -501486 713213 -880831 993974 -1045644 1032646 -955783 819810 -633135 407303 -156282 -104404 358634 -590684 786203 -933098 1022286 -1048250 1009385 -908093 750641 -546764 309073 -52267 -207771 454960 -674012 851379 -976092 1040438 -1040438 976092 -851379 674012 -454960 207771 52267 -309073 546764 -750641 908093 -1009385 1048250 -1022286 933098 -786203 590684 -358634 104404 156282 -407303 633135 -819810 955783 -1032646 1045644 -993974 880831 -713213 501486 -258744
0 52267 -104404 156282 -207771 258744 -309073 358634 -407303 454960 -501486 546764 -590684 633135 -674012 713213 -750641 786203 -819810 851379 -880831 908093 -933098 955783 -976092 993974 -1009385 1022286 -1032646 1040438 -1045644 1048250 -1048250 1045644 -1040438 1032646 -1022286 1009385 -993974 976092 -955783 933098 -908093 880831 -851379 819810 -786203 750641 -713213 674012 -633135 590684 -546764 501486 -454960 407303 -358634 309073 -258744 207771 -156282 104404 -52267
0 0 80 2000000000 15000000 100000
